1xx
000000000100
001011000000
000000000001
010010101100
000000100001
000010000000
010000110110
000000000000
000000000100
000010000100
001010100000
000000100000

x1x
000000001010
000010000000
011000011000
000001000000
000000011010
000110000010
010000001000
010010100001
000000000100
001000100100
000000000000
000000010000

xx1
000000001000
000010000000
000000000010
011010110000
000010000011
100000001000
001100000000
000000000101
000101000000
010001000000
000000010000
000110010000

2xx
000000000000
000000000101
000010100000
101000000010
000001011010
110100000000
000000000000
100011010010
001000000010
000001010000
000000010100
000000000000

x2x
000001000000
001101000100
000000000000
100000000000
001010000101
100000100000
100100100000
000100001010
010000101000
010100000000
000000100100
000000000000

xx2
000001100100
000000000100
010011010001
000000000000
011000000000
000000100000
000010000000
001010010000
001000000101
000000100000
001100101000
000000001000

3xx
000100000000
000000011010
000100000000
000100010001
010000000000
000001100011
000000001000
000100100000
010100001001
010000100000
000000000000
000100011000

x3x
000110000100
000000100000
000000100110
001010000000
000000000000
011001010001
000000010100
001001000000
001000000000
000010000010
000000001000
000110001000

xx3
000010000010
000000000010
000100101000
100000001000
000100000000
000100000011
010001100000
000000001000
110000000010
000110011010
000000000000
000000100000

4xx
000010100010
000000100000
011000000110
000001000000
101100000000
000000001000
101100000001
000000000001
100000110000
000100000000
000101001000
000000000000

x4x
000000110000
000000000010
000001000000
010100011011
010001000000
000000000000
001001000010
000000010000
100011010010
000000000000
001011010000
000000000000

xx4
000100010000
000001010000
001000000100
000000000001
100001101100
001000000000
100000011010
100101000010
000000010000
001000000100
000000000000
000001000000

5xx
000001011000
000100000000
000001011000
000000000000
000010000100
001000010100
000011000000
011000001100
000011000000
001000001010
000000000000
000011000000

x5x
000000000000
000000011001
000110000001
000000100100
100100100000
000000001100
000010000001
100000000100
000100000001
000001011000
000100000000
000001100000

xx5
000000000000
001100101001
000000000000
000101000110
000000010000
010011010100
000000000101
010000100000
000010101000
000000000000
000011000100
000000000000
