G201
O798
B204
P796
001100010001
000001010000
101000000100
000000000001
100001101100
001000000000
100000011010
100101000010
000000010000
101000000101
000000000010
001001000100

G206
O793
B212
P790
000111110001
000100111111
000111100100
100100000011
111101000100
011001110101
100011000001
101101011010
111010111011
000100011010
000101001110
000001001100

G215
O786
B217
P783
001110000001
000000000010
000100100000
000000000000
000000000000
000001000010
000000000000
000000000000
010000000000
100010000011
000000000010
001100001100

G220
O781
B223
P779
001110100111
001100110111
000000110011
011101011000
001111110011
011100001000
100011111001
001000011011
010011011101
011001110101
000010000010
001001001100

G227
O776
B231
P773
001000000001
000000000100
100010000000
000000011000
000000000000
000000000000
010000100000
000010010000
001100000000
110010000001
000000000010
001100110100

G233
O770
B237
P767
000000000111
001011000100
111000100000
111011001000
000000011011
110110100010
010000111110
000111100011
011000001100
110010100101
001010100110
000000010000

G244
O765
B251
P759
001000001001
000010000000
100000000010
011010110000
000010000011
100000001000
001100000000
000000000101
000101000000
110001000000
000000010010
001110010100

G253
O757
B256
P754
001000000001
000110000110
101110000100
010010100000
100000000001
000000010111
100000000000
010010010000
011010010000
100000000001
000000000010
001000000100

G261
O750
B264
P747
001000000001
000010000100
100000000000
000000000000
000000000000
000000000101
000000000000
000000000000
000000010000
100000000001
000000000010
001000000100

G267
O744
B270
P742
001010100001
000001000000
100001100000
000001100000
010000010100
000010001001
100000000000
010100110110
000100000000
000011000011
001000000010
001000000100

G274
O740
B278
P738
001100000001
001001000010
010000110100
101000010011
110100000001
011000001000
000000010001
000010001000
011010000100
100100100001
000111100010
001000000100

G280
O736
B282
P733
001000000001
000000000000
100001000010
000000000000
000010000000
000000000000
000101000000
001000000000
000001000000
110000000001
000000001010
001010000100

G286
O729
B288
P725
001000000011
001100110001
100000110011
000100011000
001110010011
001000000000
000011011000
000000010010
010000010100
100001000001
000000000000
001000001100

G293
O720
B296
P718
001000000011
000100100000
011000011100
000001000000
000000011100
001100010010
100000001000
010110101000
010010101000
001100100001
000000000000
000000000100

G302
O715
B304
P710
000000000101
000000000100
100000000000
011000000000
000000000000
000100000000
000000100000
000000000001
000000000000
110000100101
000000000010
001000000100

G309
O708
B312
P704
000001101010
000110001101
001110001001
010011100100
001001000100
000011010111
111010001110
010000110111
000100110001
101011011111
001000010100
000110110100

G315
O699
B317
P696
001011110000
000100111011
100111000110
000100010001
110110000100
001000011100
001011000001
101000001100
100111010001
100001011010
000101001000
001011000100

G322
O694
B325
P690
001000100001
000000000000
100001000010
001000010000
010110000000
100000001000
001111000000
001000000100
100101000001
010001001001
000100011010
001111001100

G329
O687
B331
P684
001000000100
000000010010
100110000001
011010111000
110100100001
000000001000
000000000000
100000010000
001100000011
100001010001
001100010000
001000100100

G334
O680
B337
P673
001100000000
001111101101
101000100100
100101000111
000001011000
010111010111
110000111111
010111100010
010010111100
100010000100
000011100110
001000000000

G339
O669
B341
P667
001111111001
000100001011
101110100100
110010100101
101001000011
100011110010
111010000011
010010010111
111010000100
100010001110
000001100100
001101011000

G346
O664
B348
P662
000000110001
000000011011
100111000001
010100111111
110101100000
000000001100
001011000011
100000010100
100111010011
000001011001
001111010010
001001100100

G350
O658
B353
P656
001011111111
000110111101
101111001011
010011101100
001011111110
100111110111
111111001110
111100110111
100101111011
011011011110
001000011100
001111111000

G356
O653
B358
P651
001000000111
001001000000
111000011011
001001011100
000010111000
100100001010
001100111110
010010100100
000101000000
111011100000
001010110010
001110100100

G360
O649
B365
P647
001000100001
000000000100
100000000000
000000000000
001001000000
000000000000
100000000000
000000010010
000000010000
100000000000
000000000010
001000000100

G370
O645
B373
P641
001000000001
000010000000
100000000000
000010000000
000000000011
100000000000
010000000000
000010000000
000000000100
100000000001
000000100010
001000010100

G376
O639
B378
P637
000001001100
001110001101
000110111001
101010100100
000010010011
110111110111
010010100100
011010101100
011100001101
010011111010
000000100100
000110111000

G381
O635
B385
P633
001110000011
000001110010
110001000010
010101011010
011100101100
001000001000
000101011001
100101010011
000011100010
101100000101
001110011010
001001000100

G387
O631
B390
P629
001001001011
001111000100
011000011000
100001000000
001010011111
100110100010
110100101000
010110101011
010000101100
111100100101
000000100110
001000010100

G392
O627
B394
P621
001001000011
000000000100
100000001010
001010000000
001000000000
000100100010
010000000000
000000000000
000000000000
100000000001
000000100010
001110000100

G396
O617
B401
P615
001001101101
000010000100
110011010011
011010110000
011010000011
100000101000
001110000000
001010010101
001101000101
110001100001
001100111010
000110011100

G403
O613
B405
P610
000101110101
000001010100
111011010101
000000000001
111001101100
001000100000
100010011010
101111010010
001000010101
001000100100
001100101000
001001001100

G407
O608
B410
P605
001000000001
001001000000
000000000000
000100000010
000000000000
010000000000
000000110100
000001000000
000000000000
000000000001
000010000010
001000000100

G413
O599
B416
P597
001100000001
000000011010
100100000000
000100010001
010000000000
000001100011
000000001000
000100100000
010100001001
110000100001
000000000000
001100011100

G419
O595
B423
P593
000111110100
001101111111
000111100111
111110111111
111111100101
111001111101
101111110111
101101011110
111111111011
010111011010
001111111100
000111101000

G429
O591
B432
P589
000111110110
001101111111
011111111101
100101001111
111101111100
011111110111
110011111111
111111111010
111010111111
001110111110
001111101100
001001101000

G434
O587
B437
P585
001011111011
000100100000
011001011110
000001000000
101110000100
001000011100
101111000001
011000001101
100011110000
101100001011
000101001010
000011000000

G430
O581
B444
P579
000100000100
001011011111
000110100001
111110111111
010001111011
110111100011
010000111110
100111110010
011100001111
010011110101
001010110100
001100111000

G447
O577
B453
P573
001000110001
000000000010
100001000000
010100011011
010001000000
000000000000
001001000010
000000010000
100011010010
100000000001
001011010010
001000000100

G455
O571
B459
P567
001000001001
000000000000
100000000000
010010100000
000000000011
000010000000
010000000000
000000000001
000000000100
100000000101
000000000010
001000010100

G462
O564
B464
P562
000110000101
000000100000
100000100110
001010000000
000000000000
011001010001
000000010100
001001000000
001000000000
100010000011
000000001010
000110001100

G470
O558
B472
P553
000100010000
001101111001
101000000100
000101000111
100001111100
011011010100
100000011111
110101100010
000010111000
101000000100
000011000110
000001000100

G475
O550
B479
P547
000011111001
000010000110
000111000010
011010110000
111110000011
100000101101
001111000000
001000010101
101101010001
110001001011
000100011000
000111011100

G481
O543
B483
P540
000001110001
001101000110
000001000000
110100011011
011011000101
100000100000
101101100010
000100011010
110011111010
110100000000
001011110110
001000000100

G485
O536
B487
P533
000111111110
000110111111
011110111101
111011111101
111101111111
101111111111
111010001011
110110111111
111110111111
001111111110
001101110110
000101111000

G491
O530
B495
P527
001000000101
001011000000
000000000001
010010101100
000000100001
000010000000
010000110110
000000000000
000000000100
100010000101
001010100010
001000100100

G497
O523
B499
P518
000000000110
001011110100
010001011011
001101011010
010110111100
011100001101
000101111100
101101101000
000101111011
011101110001
001110011010
000010100000

G503
O515
B505
P509
001110001110
001110111011
000100111011
011111111100
000110110011
011111011111
010011111101
011000101101
010111001101
011011111110
000010000000
000111111000

G507
O506
B514
P504
001000000001
000000000000
100000000000
000100000000
000000000000
000000000000
000001100000
000001000000
000000000000
110000000001
000000001010
001000000100

G516
O502
B520
P498
000000000111
001001110000
110001011011
001101011010
010110111100
011100001000
000101111100
101101101000
000101101011
111101110000
001110011010
001010100000

G525
O496
B528
P492
001000001000
000010001000
000100001000
000010100100
000000000000
000011010111
010000000100
010000100100
000100000000
100010001011
000000000000
001110110100

G532
O490
B534
P486
001110001110
000010111001
011110111111
001011100100
100100111010
011111011111
010010011101
111011100101
001100000101
001011111110
000100001000
000111111000

G537
O484
B541
P482
001110000111
001100110011
100000110011
011101011000
000110110011
011100001000
000011111001
001000001001
010011001101
111001110101
000010000010
001001001100

G546
O480
B549
P476
001010000011
000000000010
100100101000
100000001000
000100000000
000100000011
010001100000
000000001000
110000000010
000110011011
000000000010
001000100100

G551
O474
B557
P471
001110100001
000000000010
100000000000
000011000000
000001100000
110000001100
110000000000
001010001000
000001001001
101000010001
000010100010
001000010000

G560
O469
B563
P463
001000110000
000000000000
101000000100
000000000001
100001000000
000000000000
101000000010
000000000000
100000000000
100000000001
000001000010
001000000100

G566
O461
B568
P458
000000000100
001001011011
100110100001
011110111111
110101100001
010000001000
000000110111
100001010000
001100000011
100011010001
001110110010
001000100100

G572
O454
B576
P449
001111011010
000110100100
111000011100
100001000000
001000011110
001111110111
110000001000
010110101011
010010111100
101100100111
000001000110
000000010100

G578
O445
B580
P441
000101011101
001111011010
000101011001
010110111101
010010100101
001011110111
010011111110
011100101100
010111001101
011010101110
001010100010
000111111000

G582
O439
B586
P435
001001000101
000110110101
101010001000
011100000000
010100000000
001100000101
001011100110
000101100001
000100010010
110100100101
000000001110
001010100100

G588
O433
B590
P430
001000001011
000010000000
111000011000
000001000000
000000011010
000110000010
010000001000
010010100001
000000000100
101000100101
000000000010
001000010100

G592
O424
B594
P421
001001011001
000011001000
011111001100
100010100111
110000001100
100011110111
011100000110
110111100100
101100100010
000110001011
001101111100
001110110100

G596
O418
B598
P414
001000000101
001001011001
100000100001
000100001111
000001100000
010000000000
000000110111
100001000000
000000000010
100010010000
001010100000
001000100100

G604
O412
B606
P409
001000101001
001000000010
110100000000
000000000100
001011001000
000010000011
000000000100
100001000110
010001000000
000000000001
000110001010
001010000000

G609
O406
B611
P404
001100000001
001001100000
000000000000
100101000010
000000011000
010111000000
010000111100
000101100010
000000101100
100000000101
000011000110
000000000100

G614
O402
B616
P399
001100000100
001001111001
100000100001
100101001111
000001111000
010111000000
010000111111
100101100010
000000101110
000010010101
001011100110
001000100100

G618
O395
B625
P393
001001010000
000001000000
011011000100
100000000011
110000001100
100000100000
001100000010
100111000000
101000100010
100100000001
001101111110
001000000100

G628
O391
B630
P389
001010100010
000000100000
111000000110
000001000000
101100000000
000000001000
101100000001
000000000001
100000110000
100100000001
000101001010
001000000100

G632
O386
B634
P382
001000100100
000000010010
100111000011
011010111000
110110100001
100000001000
001111000000
101000010100
101101000011
010001011000
001100011000
001111101000

G636
O379
B638
P377
001100000101
001011011111
100110100001
110110101111
100001100001
010011000101
010000110111
100001010010
001000010110
000010010100
001011100100
001000100100

G640
O374
B643
P372
001001110001
000001000100
011011000100
100000000011
111001001100
100000100000
101100000010
100111010010
101000110010
100100000000
001101111110
001000000100

G646
O369
B648
P362
000001111000
001111000101
111011010001
010001100110
101011111111
100010001100
101110000011
110010010111
000011110100
101001000101
001111110100
000001000000

G650
O359
B652
P357
000111111010
000100111111
011111111110
101101010011
111111011110
111101111111
101111001001
111111111111
111111111011
011101111010
000101011100
000111011000

G654
O355
B657
P352
000010001010
001110101011
100100101010
111111111110
000110010011
110111011111
011101100101
010000101101
110111101010
010111011010
000011010100
000110110100

G661
O349
B663
P347
001011011011
000000000000
110001011010
000000000000
001010000110
001000100000
000101000000
001000001001
000001000000
111100100011
000000001010
001010010100

G665
O344
B668
P340
001011111011
000110000100
111001011110
000000000000
001010000110
101000110111
101111000000
011010001101
110011010000
011100101010
000000001000
001111011100

G670
O338
B677
P335
000111001111
001111100100
011000111110
101011000000
001010011111
111111110011
110100111100
011111101011
011000101100
111110100110
000000101110
000110011000

G681
O332
B686
P330
000111111010
001101111011
011111111111
100101111111
111111111100
011011111111
101111011111
111101111110
111111111011
001111011011
001111011100
000111101000

G688
O327
B691
P324
001000000001
000000011001
100110000001
000000100100
100100100000
000000001100
000010000001
100000000100
000100000001
100001011000
000100000010
001001100000

G695
O319
B697
P316
001011111010
000000000000
010001011010
001000010000
011110000110
101000101000
001111000000
001000001101
100101000001
011101101011
000100011010
000111011100

G701
O314
B706
P311
001000000101
000000000100
100000000000
100010000000
000000000000
100000000010
000000011100
000000100010
000000000000
100010100001
000000000110
001000010100

G709
O308
B714
P303
001001011001
000100000000
100001011000
000000000000
000010000100
001000010100
000011000000
011000001100
000011000000
101000001010
000000000000
001011000100

G717
O299
B719
P294
000000000001
001100101001
100000000000
000101000110
000000010000
010011010100
000000000101
010000100000
000010101000
100000000001
000011000100
001000000000

G723
O289
B726
P287
001011011010
000100100000
111001011110
000001000000
001010011110
001100110010
100101001000
011110101001
010011101000
111100100011
000000001010
001010010000

G737
O279
B739
P277
001100100001
000010000100
100000000000
100000000000
000000000000
100011000101
011010000000
000000000110
100000010100
100000001101
000001000110
001101001100

G741
O273
B743
P268
001111111001
000100001011
101110100100
110010100101
101001000011
100011110010
111010000011
010010010111
111010000100
100010001110
000001100110
000101011000

G746
O266
B749
P263
001110010101
001001110010
010001110110
101000011011
110110111011
111100101000
000100010001
101110001000
111011001110
100100100001
000111100010
001001001000

G751
O257
B755
P255
000100001000
000000000000
100000011001
000000100110
001001100000
000001000001
100100000000
010000010000
000000100010
101100000001
000000010010
001100101100

G758
O252
B763
P247
000010100011
000000100101
111010100110
101001000010
101101011010
110100001000
101100000001
100011010011
101000110010
100101010001
000101011110
001000000100

G766
O243
B769
P236
001000100100
000010011111
000110100001
011010111101
110101100001
100000001101
001010000011
100000010100
101100010011
000011011000
001100110000
001101101000

G771
O232
B775
P228
001011011001
000010001101
100000100000
000000000101
001001000010
000000100101
000000000011
000000000001
000000010000
100010000011
000000100010
001000010100

G778
O224
B780
P221
001000000101
001011000101
100010100001
111010101110
000001111011
110110000000
010000110110
100011010010
001000000110
100011010101
001010110101
001000100000

G782
O219
B785
P216
001000000111
000000111000
000000001110
101110011001
010100000000
011100110000
010001111100
001101101000
101100001011
010100111000
000000001010
001010110100

G787
O213
B792
P207
000011101110
000010000110
010111111011
111010111000
011110000011
100100101011
011111100000
001010011101
111101000111
010111111010
001100111000
000110111000

G795
O205
B797
P202
000100000010
001101100000
111000011100
100101000010
000000011100
011111010010
110000111100
010111101010
010010101100
101100100101
000011000110
001000000100
